[Presets]
Preset0=Laptop_Speaker_Headphone

[Laptop_Speaker_Headphone]
Preamp=0.190476194024086
Band0=2.8571429252624512
Band1=6.6666665077209473
Band2=3.2380952835083008
Band3=-2.4761905670166016
Band4=-1.7142857313156128
Band5=0.9523809552192688
Band6=2.8571429252624512
Band7=5.904761791229248
Band8=7.8095235824584961
Band9=8.9523811340332031
